190
312
563
641
976
1167
1347
1480
1751
1997
2213
2350
2496
2799
2975
3164
3371
3697
3872
4194
4468
4794
5017
5253
5486
5664
5841
6009
6338
6536
6666
6788
7045
7179
7389
7696
7974
8115
8507
8743
8895
9075
9291
9424
9694
9941
10100
10227
10472
10742
10966
11162
11419
11698
11900
12220
12486
12708
12974
13261
13526
13727
14087
14276
14539
14716
14897
15074
15146
15300
15408
15624
15798
16058
16485
16847
17151
17415
17627
17938
18183
18382
18547
18866
18972
19116
19228
19455
19606
19788
20238
20554
20761
21130
21276
21451
21820
22106
22476
22560
22848
23159
23373
23698
23895
24039
24233
24409
24634
24886
25110
25212
25462
25604
25765
25930
26142
26240
26569
26672
26769
26962
27245
27426
27548
27755
27873
27989
28042
28224
28435
28741
28932
29241
29383
29537
29827
30044
30330
30596
30790
31044
31163
31361
31576
31797
32089
32322
32538
32679
32933
33166
33327
33558
33850
34006
34170
34411
34730
35083
35187
35338
35556
35984
36149
36376
36588
36839
36964
37084
37349
37734
38069
38367
38684
38773
39021
39265
39560
39699
39820
39942
40057
40255
40403
40660
40801
41158
41474
41717
41963
42209
42404
42500
42696
42881
43124
43210
43389
43673
44008
44235
44517
44735
44968
45208
45437
45581
45935
46116
46518
46630
47010
47431
47586
47757
47881
47942
48064
48515
48773
48978
49094
49399
49588
49792
50086
50304
50597
50801
50956
51074
51170
51390
51656
51875
52077
52267
52298
52436
52840
52931
53206
53382
53678
53870
54134
54325
54594
54827
55323
55483
55653
55749
56200
56560
56816
56921
57230
57487
57648
57954
57995
58087
58208
58423
58775
58930
59139
59410
59652
59943
60131
60245
60430
60585
60695
60870
61078
61228
61568
61691
61913
62173
62385
62788
62864
62921
63169
63436
63608
63802
64111
64270
64507
64641
64791
65161
65234
65558
65693
65959
66143
66310
66503
66709
66929
67133
67254
67524
67669
67775
68031
68178
68508
68942
69123
69239
69364
69579
69814
69964
70152
70301
70548
70633
70741
70926
71132
71384
71592
71749
71865
72070
72254
72594
72790
72994
73184
73342
73597
73900
74126
74212
74363
74432
74580
74823
74951
75198
75360
75497
75634
75732
75978
76245
76490
76694
76988
77259
77697
77891
78127
78324
78476
78756
78872
78946
79162
79472
79693
79827
79938
80147
80299
80513
80975
81179
81493
81683
82069
82133
82378
82599
82879
83093
83322
83450
83623
83788
84017
84266
84599
84762
84835
84945
85162
85417
85912
86180
86406
86623
86728
86880
87172
87408
87604
87841
88141
88270
88411
88582
88626
88836
89083
89109
89183
89551
89630
89912
90148
90309
90540
90742
90952
91202
91441
91526
91760
92055
92267
92510
92708
92858
93147
93291
93514
93741
93947
94209
94494
94667
94856
95147
95375
95591
95630
95975
96032
96206
96675
96888
96981
97120
97317
97458
97663
97904
98062
98267
98411
98662
98949
99056
99198
99515
99705
99905
100215
100467
100499
100829
101122
101279
101515
101731
101900
102195
102380
102593
102875
103035
103135
103223
103370
103641
103746
103990
104168
104261
104477
104642
104745
104890
105025
105199
105325
105624
105934
106268
106518
106622
106839
107044
107323
107584
107694
107920
108011
108166
108437
108706
109059
109365
109608
109925
110235
110451
110756
111094
111413
111575
111973
112238
112488
112754
113050
113237
113627
113805
113915
114257
114675
114906
115265
115465
115741
116125
116426
116661
117033
117241
117679
117957
118117
118367
118604
118915
119100
119327
119710
119999
120420
120576
120777
121087
121237
121456
121569
121774
122035
122315
122607
122820
123144
123345
123578
123787
124021
124254
124651
124858
125130
125304
125509
125852
126091
126225
126625
126854
127127
127309
127650
127976
128184
128517
128858
129002
129368
129621
129845
130207
130418
130582
130722
130981
131202
131493
131838
132119
132464
132662
133009
133477
133652
133743
133911
134306
134613
134866
135280
135569
135761
136127
136318
136702
137064
137395
137641
137807
138044
138191
138446
138730
138925
139151
139411
139627
139983
140112
140508
140649
140957
141157
141508
141659
141809
142083
142363
142683
142908
143185
143474
143625
143864
144108
144356
144604
144887
145103
145400
145674
145838
145988
146244
146444
146763
146980
147204
147445
147683
147858
148054
148307
148532
148687
148988
149149
149235
149638
149926
150220
150544
150776
150984
151267
151405
151608
151981
152227
152551
152737
152871
153114
153357
153668
153814
154138
154340
154631
155028
155116
155310
155455
155727
156110
156513
156721
156989
157368
157539
157849
158109
158409
158464
158832
159107
159251
159492
159730
160079
160407
160632
160821
161218
161588
161767
162132
162483
162644
162780
163049
163328
163482
163652
163792
163980
164220
164569
164902
165257
165495
165790
166117
166269
166419
166585
166737
166954
167189
167461
167788
168010
168192
168477
168777
168908
169091
169332
169674
169885
170178
170522
170755
170837
171128
171293
171470
171541
171783
172219
172539
172781
173010
173275
173467
174038
174262
174732
174996
175211
175321
175657
176049
176376
176670
176882
176999
177174
177510
177761
178162
178549
178886
179147
179471
179619
179800
179971
180467
180580
181064
181265
181600
181750
181965
182203
182468
182789
183025
183170
183541
183724
183983
184082
184365
184555
184724
184918
184994
185416
185621
185836
186096
186218
186597
186910
187083
187473
187797
187963
188055
188366
188493
188719
188965
189235
189348
189588
189940
190044
190442
190796
190986
191149
191430
191848
192051
192339
192637
192884
193043
193305
193528
193734
193917
194188
194369
194519
194802
195053
195271
195611
195942
196263
196518
196766
196908
197229
197504
197733
197943
198270
198381
198458
198706
198968
199190
199459
199775
200065
200221
200457
200666
200920
201034
201370
201554
201625
201860
201986
202196
202494
202704
202950
203126
203373
203692
204031
204446
204852
205207
205597
205719
205835
206034
206134
206235
206478
206607
206838
206932
207400
207741
207979
208296
208494
208626
208939
209247
209506
209691
210073
210350
210684
210840
211069
211206
211597
211761
212016
212437
212622
212836
213106
213306
213635
213844
214054
214328
214465
214693
214966
215270
215326
215605
215793
216088
216271
216609
216852
217016
217300
217623
217960
218110
218349
218590
218863
219234
219509
219631
219930
220283
220505
220813
220874
221177
221434
221661
221957
222286
222396
222803
223229
223648
223841
224267
224443
224688
224921
225112
225392
225541
225681
225924
226166
226461
226685
226933
227216
227570
227649
227906
228057
228166
228430
228628
228789
229093
229349
229761
229886
230051
230157
230459
230822
231021
231302
231529
231657
231928
232049
232319
232730
232915
233260
233612
233797
234033
234225
234443
234615
234861
235121
235339
235493
235637
235904
236011
236233
236422
236665
236829
237050
237209
237480
237780
238056
238481
238726
238951
239255
239495
239743
239953
240137
240404
240661
240861
241055
241273
241561
241921
242081
242283
242383
242705
242909
243084
243210
243387
243593
243870
243981
244232
244453
244830
245014
245228
245483
245663
245801
246150
246424
246767
247139
247311
247551
247887
248098
248375
248561
248897
249132
249219
249535
249773
249964
250438
250651
251085
251187
251477
251622
251805
252029
252298
252458
252622
252988
253184
253533
253754
253949
254136
254416
254583
254675
254868
255194
255441
255614
255865
256014
256127
256242
256375
256796
256945
257141
257381
257637
257732
258008
258161
258403
258756
259065
259326
259442
259668
259926
260057
260157
260224
260531
260875
261057
261150
261293
261523
261756
261992
262164
262246
262398
262610
262849
263023
263170
263377
263668
263815
264143
264400
264679
265057
265325
265670
266007
266448
266769
267109
267422
267749
267954
268119
268322
268457
268755
269208
269504
269845
270124
270366
270563
270932
271026
271204
271442
271650
271830
272040
272298
272480
272688
272814
273035
273226
273428
273580
273837
274157
274362
274541
274816
275170
275571
275792
275962
276101
276334
276599
276740
276959
277225
277388
277564
277708
277915
278100
278230
278371
278738
279007
279091
279220
279559
279751
280063
280288
280520
280751
281012
281391
281545
281695
281993
282193
282468
282734
282892
283006
283201
283542
283748
283935
284072
284295
284536
284784
285175
285386
285700
285942
286100
286410
286634
286942
287168
287428
287720
288075
288306
288511
288758
289212
289409
289630
289873
289986
290183
290399
290533
290773
291084
291348
291635
291784
292070
292364
292569
292835
293120
293304
293499
293792
294036
294182
294317
294683
295045
295300
295538
295759
295965
296058
296479
296817
297076
297278
297501
297718
297967
298271
298465
298597
298784
299074
299368
299659
299882
300075
300324
300539
300713
301140
301359
301594
301772
302199
302567
302779
302938
303236
303511
303884
304159
304361
304628
304743
304966
305256
305575
305752
306031
306261
306557
306931
307217
307376
307679
307935
308238
308389
308616
308909
309131
309418
309659
309850
310080
310370
310460
310630
310853
311043
311350
311682
311932
312146
312445
312520
312809
313151
313278
313468
313704
314016
314229
314419
314563
314730
315090
315279
315465
315714
315999
316181
316294
316478
316632
316799
316993
317397
317704
318003
318181
318459
318687
319054
319394
319675
319994
320318
320526
320758
320931
321208
321314
321689
321852
321950
322253
322383
322550
322888
323212
323364
323587
323913
324141
324413
324806
325205
325489
325966
326300
326651
326811
327086
327352
327630
327959
328070
328369
328637
328878
329008
329486
329866
330078
330429
330608
330853
331223
331469
331678
331846
332198
332370
332656
332864
333012
333387
333533
333641
333858
334078
334302
334506
334689
334913
335187
335538
335809
336031
336386
336474
336887
337200
337370
337535
337761
337964
338086
338499
338877
339259
339582
339887
340212
340532
340651
340862
340910
341092
341202
341542
341787
342070
342313
342484
342594
343093
343448
343769
343974
344149
344297
344528
344824
344980
345072
345233
345457
345766
346010
346153
346499
346900
347234
347515
348042
348435
348882
349229
349432
349563
350017
350138
350464
350716
350818
350923
351138
351375
351678
352059
352301
352525
352760
352937
353128
353252
353623
353853
353987
354088
354216
354488
354782
355115
355272
355683
355947
356145
356444
356635
356781
357058
357313
357517
357670
357960
358207
358493
358703
358903
359217
359450
359591
359786
359959
360258
360412
360703
360925
361232
361605
361890
362235
362644
362911
363293
363549
363792
364035
364348
364627
364929
365209
365666
365934
366286
366559
366682
366877
367237
367467
367816
368143
368246
368439
368668
368916
369219
369479
369777
369986
370305
370371
370537
370890
371202
371370
371646
371712
371900
372139
372399
372702
372932
373176
373623
373895
374221
374511
374874
375128
375480
375975
376250
376511
376832
377117
377318
377650
377903
378098
378312
378650
378878
379109
379467
379677
379949
380177
380405
380726
380997
381235
381493
381738
381961
382218
382661
383027
383270
383423
383696
383904
384220
384544
384786
384927
385088
385337
385378
385553
385734
385864
385998
386318
386527
386668
386985
387335
387602
387688
387895
388073
388405
388739
388839
389026
389301
389725
389992
390157
390340
390755
390997
391445
391668
391923
392322
392464
392730
393162
393473
393862
394090
394583
394815
395039
395307
395519
395886
396066
396396
396588
396831
397038
397128
397531
397672
397902
398047
398355
398548
398856
399115
399412
399734
399921
400290
400517
400761
400951
401284
401554
401879
401974
402049
402338
402554
402752
403029
403306
403508
403683
403800
403935
404236
404381
404643
404810
405065
405395
405630
405954
406168
406435
406680
406964
407345
407678
408079
408466
408763
409156
409335
409740
410043
410324
410631
410865
411163
411326
411672
411956
412230
412409
412573
412824
413130
413325
413676
413935
414040
414281
414457
414636
414932
415075
415326
415508
415741
416032
416233
416533
416717
416947
417164
417429
417660
417928
417987
418169
418316
418564
418812
418974
419298
419509
419675
420009
420224
420454
420608
420886
421060
421262
421408
421600
421864
422103
422235
422502
422826
423213
423538
423911
424076
424330
424463
424779
425053
425190
425463
425696
425846
426305
426456
426679
427001
427102
427409
427648
427965
428055
428209
428259
428638
428900
429191
429408
429765
429939
430331
430659
430897
431029
431190
431296
431529
431728
431985
432141
432363
432667
432932
433169
433275
433477
433668
434013
434154
434411
434748
435089
435544
435683
436016
436180
436443
436777
436853
437055
437315
437491
437699
437922
438286
438457
438672
438908
439170
439392
439593
439787
440011
440340
440550
440778
441036
441188
441316
441596
441848
442060
442233
442469
442742
443017
443223
443355
443508
443726
443871
444156
444306
444497
444769
445085
445335
445574
445757
445918
446161
446630
446991
447344
447693
447962
448261
448420
448590
448889
449203
449457
449776
450009
450221
450555
450834
451008
451309
451613
451874
452292
452592
452836
453095
453446
453645
453806
453955
454255
454694
454931
455143
455264
455492
455807
455989
456248
456432
456788
457040
457339
457483
457858
458340
458595
458798
458982
459141
459482
459616
459802
459916
460141
460345
460581
460761
461080
461221
461489
461731
461891
462033
462248
462469
462803
463146
463327
463659
463866
464046
464248
464450
464814
465012
465316
465601
465846
466002
466162
466556
466717
466805
467054
467197
467307
467472
467700
467940
468180
468384
468816
469025
469332
469690
469913
470287
470551
470876
471093
471190
471348
471529
471700
471898
472070
472344
472552
472815
473186
473405
473694
474076
474365
474624
474725
474890
475329
475729
476035
476315
476639
476926
477011
477295
477612
477851
478055
478349
478683
478971
479128
479211
479630
479895
480252
480402
480914
481144
481267
481527
481718
482034
482275
482590
482895
483290
483510
483872
484025
484250
484404
484636
484872
485178
485489
485706
485870
486013
486221
486493
486725
486986
487293
487515
487755
488043
488437
488795
489119
489427
489575
489828
490086
490258
490503
490608
490836
491096
491361
491517
491882
492022
492212
492467
492725
493129
493315
493379
493756
493915
494263
494354
494637
494920
495168
495469
495725
495971
496146
496257
496568
496955
497129
497398
497614
497903
498166
498458
498734
498953
499203
499360
499529
499850
500105
500328
500567
500980
501156
501502
501679
502032
502179
502350
502667
502831
503100
503503
503630
503843
504019
504224
504595
504939
505112
505369
505634
505848
506103
506333
506604
506868
507058
507342
507495
507826
508114
508375
508669
508833
509190
509649
509992
510207
510453
510736
510924
511021
511263
511435
511589
511871
512158
512325
512450
512687
512994
513201
513518
513746
514047
514345
514536
514754
514925
515097
515329
515513
515785
516113
516417
516672
516887
517202
517473
517832
518068
518320
518513
518808
519232
519570
519651
519925
520176
520370
520693
520838
521070
521355
521505
521934
522196
522368
522556
522724
522958
523223
523597
523998
524273
524593
524676
524977
525111
525543
525882
526283
526352
526610
526747
527010
527215
527278
527421
527626
527877
528119
528320
528557
528965
529140
529513
529798
529967
530321
530539
530675
530906
531088
531361
531811
531976
532116
532475
532658
532860
533194
533450
533632
533942
534176
534526
534772
534921
535142
535388
535543
535713
535955
536071
536297
536610
536850
537113
537372
537482
537820
538212
538494
538744
538896
539176
539439
539547
539666
539900
540159
540500
540660
541021
541141
541355
541618
541955
542020
542199
542628
542975
543217
543535
543749
544158
544347
544767
544901
545095
545372
545618
545874
546196
546473
546925
547254
547522
547788
547999
548198
548426
548664
548750
549105
549250
549487
549928
550071
550413
550741
550965
551065
551392
551726
551874
552123
552392
552641
553010
553181
553307
553550
553652
553901
554026
554340
554719
555000
555309
555758
555968
556266
556543
556909
557170
557429
557640
557897
557990
558169
558365
558690
558934
559153
559566
559780
560235
560422
560580
560960
561284
561494
561729
561852
562088
562248
562535
562852
562962
563175
563644
564097
564392
564609
564749
564924
565155
565567
565843
566277
566509
566767
566962
567097
567493
567708
568063
568488
568721
568803
569193
569415
569619
569733
569931
570145
570360
570669
570965
571200
571493
571895
572245
572490
572815
573193
573390
573663
573826
574167
574403
574739
575099
575245
575372
575629
575932
576145
576441
576804
577085
577304
577560
577707
577908
578083
578473
578676
578924
579136
579515
579741
579889
580187
580490
580618
580834
580984
581128
581446
581816
582075
582249
582630
582917
583141
583393
583516
583756
583981
584250
584427
584782
585040
585412
585739
585910
586163
586379
586534
586795
587025
587367
587618
587754
587916
588352
588581
588844
589189
589434
589635
589890
590123
590343
590778
590963
591158
591360
591475
591772
591913
592091
592335
592507
592831
593163
593369
593661
593958
594162
594510
594617
594891
595272
595646
595852
596014
596223
596495
596699
596869
596965
597277
597329
597588
597915
598108
598326
598617
598848
599027
599164
599365
599565
599755
600010
600142
600422
600695
600890
601116
601336
601628
601823
602056
602240
602471
602622
602759
602975
603339
603666
603791
603995
604365
604750
605045
605205
605507
605642
605937
606261
606410
606833
607004
607153
607468
607682
608002
608260
608421
608854
609111
609466
609719
610206
610495
610801
610955
611170
611422
611610
611752
611858
611938
612025
612294
612671
612919
613053
613173
613376
613594
613857
614013
614291
614557
614777
614942
615278
615575
615914
616222
616501
616849
617152
617441
617754
618021
618070
618205
618569
618750
618842
619142
619191
619417
619583
619734
619962
620147
620341
620515
620808
621074
621349
621619
621811
621937
622178
622399
622539
622735
622995
623298
623476
623646
623754
623869
624020
624213
624469
624634
624763
624987
625130
625273
625513
625778
625997
626350
626494
626620
626863
627003
627159
627464
627647
627808
628159
628385
628672
628835
628935
629111
629347
629515
629770
629904
630165
630426
630698
630892
631104
631196
631357
631429
631786
631934
632238
632515
632640
632832
633009
633273
633527
633822
634042
634202
634361
634510
634758
635076
635374
635718
636130
636610
636834
637329
637463
637775
638029
638194
638421
638689
638909
639147
639417
639553
639775
639995
640101
640275
640409
640566
640736
641064
641292
641389
641518
641718
641994
642142
642431
642522
642837
643107
643321
643524
643822
644020
644224
644492
644681
644855
645144
645404
645465
645637
645966
646114
646334
646490
646634
646845
647114
647365
647588
647905
648145
648450
648733
648963
649429
649613
649847
650130
650313
650507
650697
650989
651273
651432
651727
651864
652117
652390
652532
652756
653110
653286
653626
653937
654142
654348
654599
654890
655206
655385
655608
655870
656095
656290
656533
656680
656769
657053
657164
657507
657598
657867
658159
658419
658815
659141
659410
659645
659785
660053
660253
660573
660789
661086
661325
661669
661940
662174
662455
662733
662973
663219
663490
663650
663747
663879
664025
664369
664613
664909
665099
665163
665334
665570
665750
666223
666490
666616
666737
666979
667205
667606
667851
668164
668705
668898
669147
669429
669541
669942
670168
670325
670490
670763
671118
671269
671570
671753
671920
672092
672318
672721
673025
673162
673374
673551
673595
673667
673938
674223
674450
674674
674943
675145
675375
675556
675694
676080
676294
676578
676896
677161
677393
677545
677858
678060
678326
678702
678935
679069
679424
679685
679927
680151
680341
680590
680819
680891
681138
681439
681623
681876
682028
682218
682345
682458
682633
682897
683093
683434
683659
683895
684190
684557
684733
684798
685011
685414
685577
685930
686189
686413
686576
686718
686958
687086
687424
687521
687861
688206
688376
688653
688957
689056
689465
689584
689840
690115
690319
690545
690830
691042
691348
691697
691940
692199
692514
692812
693014
693159
693281
693631
693842
694165
694333
694521
694900
695317
695641
695747
695993
696204
696504
696678
696970
697337
697660
697787
697849
697988
698335
698483
698729
699100
699290
699526
699799
700140
700312
700522
700889
701222
701536
701778
702150
702462
702719
702963
703181
703426
703680
703873
704017
704180
704379
704537
704692
704909
705080
705222
705565
705903
706145
706371
706569
706747
707032
707339
707788
707958
708042
708292
708714
708953
709252
709495
709869
710173
710425
710636
710844
711112
711382
711629
711908
712157
712254
712441
712729
712948
713210
713335
713502
713772
713950
714151
714336
714528
714821
715177
715381
715533
715793
715964
716311
716390
716549
716721
716949
717268
717508
717730
717973
718295
718539
718721
718902
719195
719397
719648
720008
720340
720553
720709
720927
721144
721443
721717
722002
722239
722415
722688
722923
723198
723472
723742
723976
724288
724697
725036
725292
725672
725867
726157
726428
726663
726968
727146
727425
727546
727796
728062
728249
728408
728675
729112
729272
729564
729943
730236
730563
730852
731134
731362
731474
731646
732007
732430
732618
732794
733103
733281
733440
733778
734080
734496
734843
734976
735313
735499
735625
735869
736081
736162
736327
736710
737145
737432
737603
737992
738191
738419
738654
738962
739339
739745
739878
740199
740436
740750
741077
741516
741822
742110
742425
742528
742825
743030
743326
743536
743937
744082
744263
744607
744825
745116
745426
745546
745805
746031
746389
746653
746836
747175
747628
747793
748008
748176
748579
748861
749082
749308
749721
750051
750411
750561
750743
750945
751247
751490
751917
752048
752223
752557
752883
753056
753220
753389
753580
753887
754086
754323
754569
754758
754928
755196
755347
755547
755766
756092
756303
756562
756740
757021
757138
757273
757521
757685
757922
758145
758370
758525
758833
759045
759121
759387
759749
759964
760082
760330
760621
760862
760976
761264
761545
761793
761986
762101
762400
762701
762920
763066
763273
763538
763767
764020
764173
764404
764858
765019
765177
765332
765483
765544
765904
766167
766373
766587
766737
766998
767287
767398
767603
767956
768079
768160
768267
768573
769041
769422
769562
770065
770169
770468
770678
770846
771149
771586
771921
772195
772531
772726
772779
773128
773333
773569
773919
774133
774375
774680
774926
775277
775594
775859
776004
776260
776371
776674
776943
777236
777444
777637
777819
777983
778168
778341
778724
778986
779156
779328
779669
779972
780069
780447
780752
780987
781192
781563
781846
781981
782077
782404
782733
782885
783006
783231
783440
783572
783932
784246
784388
784492
784650
784794
785071
785235
785500
785609
785866
786033
786316
786545
786764
787037
787205
787443
787602
787754
787896
788083
788457
788891
788953
789131
789397
789619
789806
790066
790232
790375
790517
790722
790930
791172
791330
791661
792017
792156
792425
792631
792856
793193
793561
793770
793906
794144
794333
794609
794826
795053
795249
795552
795772
795917
796195
796395
796643
796946
797307
797408
797542
797652
797915
798051
798380
798602
799027
799355
799772
800014
800349
800688
800841
801041
801376
801715
801933
802168
802246
802477
802578
802849
803018
803266
803408
803643
803894
804188
804403
804577
804689
804910
805034
805177
805294
805477
805826
806131
806335
806599
806902
807332
807486
807704
807803
808036
808274
808688
808813
809189
809380
809463
809738
809945
810167
810443
810669
810948
811271
811533
811765
812000
812192
812416
812813
812999
813291
813550
813714
814018
814176
814410
814623
814869
815062
815349
815606
815904
816225
816581
816703
816856
816993
817098
817354
817748
817933
818104
818359
818498
818863
819012
819209
819519
819687
819782
820294
820445
820762
821039
821383
821592
821824
822110
822388
822531
822828
823054
823427
823816
824134
824466
824662
824874
825048
825209
825423
825770
826011
826211
826473
826714
826904
827120
827409
827576
827741
827892
828347
828625
828893
829150
829408
829693
829807
830040
830365
830447
830782
831063
831368
831527
831818
832039
832197
832503
832866
833071
833301
833602
833934
834058
834124
834410
834785
835013
835382
835684
835942
836237
836518
836667
836792
837007
837289
837619
837920
838294
838566
838741
838922
839206
839448
839648
839918
840222
840391
840534
840886
841222
841378
841438
841717
841915
842106
842218
842526
842694
842843
843107
843315
843513
843837
844217
844519
844912
845146
845565
845874
846208
846540
846747
847009
847178
847393
847540
847779
848043
848152
848598
848912
849122
849396
849561
849794
850219
850421
850626
850845
850988
851252
851435
851576
851909
852105
852324
852510
852721
852879
853054
853219
853489
853734
853974
854242
854520
854655
854907
855072
855465
855829
856095
856484
856767
857048
857208
857569
857785
858066
858241
858497
858761
859018
859159
859426
859576
859757
860081
860264
860525
860891
861151
861315
861462
861557
861770
861842
862042
862423
862848
862956
863291
863454
863600
863725
863906
864256
864658
864934
865052
865418
865619
865854
866187
866615
867030
867179
867317
867579
867812
868176
868303
868556
868838
869312
869721
869976
870193
870405
870644
870864
871080
871362
871582
871834
871993
872207
872501
872834
873176
873491
873740
874115
874316
874596
874885
875028
875380
875592
875791
876039
876262
876501
876674
876942
877124
877345
877612
877851
878172
878472
878617
878971
879149
879293
879701
879915
880210
880604
880940
881124
881243
881524
881925
882167
882419
882598
883042
883188
883567
883896
884196
884534
884855
885138
885398
885715
885926
886410
886685
886920
887221
887420
887813
887971
888360
888500
888583
888944
889119
889490
889824
890085
890192
890240
890456
890672
890714
890869
891151
891439
891518
891836
891979
892199
892415
892578
892772
892853
893232
893354
893589
893919
894195
894340
894611
894895
895000
895254
895493
895722
895917
896200
896477
896931
897085
897421
897612
898039
898402
898596
899007
899359
899498
899850
900194
900398
900779
901146
901436
901568
901911
902112
902309
902430
902708
903018
903318
903569
903735
904010
904087
904378
904612
904824
905129
905303
905536
905799
905994
906293
906505
906729
906888
907156
907317
907456
907699
907904
908170
908290
908507
908980
909230
909448
909610
909956
910186
910340
910513
910795
911015
911181
911425
911749
912038
912275
912509
912785
913081
913439
913499
913777
914042
914331
914498
914695
915052
915372
915647
915968
916375
916685
916967
917140
917312
917575
917747
918033
918323
918600
918839
919027
919214
919337
919586
919752
920015
920458
920736
921106
921474
921574
921810
921934
922238
922619
922931
923396
923677
923995
924181
924368
924641
925013
925296
925499
925754
925985
926200
926423
926614
926888
927186
927426
927650
927889
928090
928392
928692
928896
929084
929320
929628
929899
930102
930432
930644
930785
931043
931117
931486
931716
932017
932238
932484
932719
933127
933423
933650
933773
934035
934426
934596
934814
935112
935308
935454
935669
935908
936158
936303
936537
936711
936928
937325
937770
937936
938257
938577
938774
939041
939261
939348
939494
939747
940026
940173
940377
940648
941082
941271
941431
941659
941922
942215
942425
942588
942739
943026
943154
943299
943504
943747
943988
944061
944404
944760
944939
945164
945423
945704
946145
946207
946322
946378
946474
946712
947059
947352
947731
947988
948143
948451
948715
948967
949134
949423
949735
949973
950404
950581
950701
950912
951197
951364
951524
951783
951851
952066
952289
952605
952863
953275
953418
953607
953729
954036
954349
954478
954695
954939
955002
955343
955490
955700
955953
956160
956316
956495
956854
957088
957258
957468
957733
958008
958262
958446
958657
958992
959242
959458
959837
960136
960262
960402
960720
960925
961121
961413
961691
961902
962086
962382
962649
962819
962917
963065
963432
963573
963781
963992
964231
964514
964724
964882
965230
965481
965676
965910
966215
966416
966603
966995
967180
967488
967687
967951
968132
968305
968573
968965
969121
969386
969642
969815
970120
970627
970936
971251
971458
971639
971880
972051
972301
972559
972735
972867
973072
973381
973502
973670
973934
974255
974606
974816
975046
975327
975540
975792
976089
976351
976593
976795
976925
977120
977363
977816
978255
978481
978796
979137
979515
979867
980161
980434
980606
981095
981318
981600
981718
982140
982198
982425
982803
982991
983324
983631
983812
984032
984270
984446
984496
984593
984782
984948
985081
985529
985709
986069
986512
986787
987069
987435
987733
987980
988209
988391
988712
988778
989045
989231
989513
989936
990014
990235
990475
990694
990776
991056
991345
991545
991893
992040
992359
992715
992994
993368
993469
993779
994075
994344
994624
994870
995070
995397
995585
995750
996119
996460
996746
997096
997528
997714
998075
998301
998414
998581
998859
999075
999269
999503
999633
999838
1000109
1000345
1000682
1000966
1001359
1001821
1002054
1002445
1002777
1003087
1003223
1003350
1003680
1003846
1004126
1004469
1004633
1004798
1005098
1005249
1005534
1005644
1005960
1006174
1006395
1006852
1007126
1007311
1007397
1007473
1007881
1008067
1008471
1008743
1009081
1009502
1009674
1009742
1009957
1010300
1010823
1011042
1011136
1011312
1011562
1011867
1012255
1012659
1012872
1013027
1013368
1013636
1013748
1013887
1014123
1014575
1014854
1015262
1015563
1015635
1016068
1016222
1016477
1016641
1016987
1017163
1017327
1017630
1017725
1017843
1018149
1018496
1018597
1018801
1018931
1019093
1019424
1019562
1019804
1020074
1020572
1020797
1021201
1021396
1021623
1021893
1022108
1022236
1022567
1022975
1023276
1023473
1023694
1023994
1024324
1024569
1024859
1024993
1025200
1025477
1025602
1026094
1026215
1026486
1026752
1026947
1027405
1027765
1028264
1028490
1028836
1028990
1029240
1029554
1029690
1029828
1029989
1030301
1030549
1030895
1031132
1031237
1031437
1031688
1031935
1032117
1032211
1032457
1032817
1033099
1033259
1033602
1033884
1034043
1034364
1034691
1034976
1035149
1035339
1035768
1036145
1036511
1036932
1037429
1037712
1038045
1038232
1038614
1038902
1039202
1039354
1039539
1039758
1040146
1040237
1040451
1040661
1040989
1041212
1041384
1041708
1041782
1042080
1042383
1042491
1042873
1043209
1043544
1043805
1044058
1044168
1044268
1044656
1044734
1045156
1045295
1045566
1045681
1045835
1046160
1046369
1046567
1047015
1047260
1047408
1047643
1047765
1047926
1048212
1048516
1048779
1049159
1049362
1049427
1049587
1050001
1050236
1050446
1050643
1050948
1051137
1051256
1051432
1051609
1051897
1052212
1052351
1052570
1052669
1052815
1053143
1053436
1053859
1054048
1054355
1054595
1054892
1055108
1055394
1055597
1055904
1056076
1056234
1056471
1056638
1056738
1057075
1057281
1057549
1057634
1057847
1058112
1058216
1058560
1058891
1059200
1059524
1059738
1059818
1059923
1060062
1060354
1060531
1060682
1060927
1061142
1061289
1061454
1061659
1061809
1061969
1062178
1062541
1062822
1063011
1063186
1063503
1063726
1064147
1064401
1064691
1064965
1065246
1065429
1065689
1065905
1066242
1066523
1066788
1066996
1067488
1067764
1067999
1068286
1068561
1068743
1068966
1069068
1069270
1069517
1069976
1070254
1070512
1070756
1070916
1071159
1071384
1071485
1071725
1072049
1072473
1072651
1072784
1073073
1073371
1073495
1073665
1073931
1074169
1074357
1074596
1074734
1075136
1075624
1075830
1076126
1076405
1076609
1076946
1077207
1077382
1077555
1077786
1078070
1078268
1078491
1078860
1079034
1079194
1079471
1079680
1079978
1080155
1080359
1080521
1080883
1081119
1081284
1081614
1081881
1082079
1082284
1082456
1082753
1082918
1083285
1083572
1083851
1084188
1084403
1084567
1084864
1084995
1085212
1085593
1086006
1086192
1086266
1086599
1086921
1087159
1087393
1087647
1087873
1088182
1088452
1088770
1089043
1089427
1089692
1089868
1090230
1090425
1090615
1090810
1091233
1091419
1091749
1091934
1092062
1092355
1092465
1092720
1092854
1093106
1093371
1093630
1093888
1094204
1094415
1094508
1094681
1094922
1095116
1095432
1095943
1096139
1096460
1096620
1097025
1097192
1097362
1097621
1097848
1097941
1098120
1098365
1098735
1098916
1099304
1099621
1099868
1100088
1100197
1100315
1100737
1100834
1101099
1101273
1101450
1101663
1101821
1102052
1102220
1102537
1102821
1103086
1103380
1103647
1103900
1104127
1104286
1104503
1104830
1105156
1105459
1105843
1106086
1106327
1106539
1106693
1106963
1107144
1107334
1107638
1107976
1108193
1108571
1108805
1109155
1109417
1109752
1109925
1110151
1110387
1110724
1110869
1111085
1111225
1111590
1111849
1112141
1112323
1112623
1112772
1113121
1113474
1113734
1114038
1114283
1114636
1115106
1115396
1115737
1116228
1116585
1116832
1117106
1117529
1117672
1117941
1118161
1118490
1118719
1118929
1119090
1119434
1119747
1119915
1120143
1120443
1120647
1120881
1121180
1121436
1121631
1121760
1121877
1122098
1122372
1122489
1122716
1122966
1123145
1123360
1123550
1123708
1123884
1124236
1124524
1124794
1125104
1125393
1125629
1125899
1126169
1126369
1126534
1126675
1126797
1127064
1127302
1127598
1127870
1128095
1128315
1128553
1128755
1129020
1129278
1129514
1129750
1130014
1130399
1130635
1131044
1131270
1131507
1131846
1132257
1132547
1133028
1133312
1133445
1133695
1133874
1134161
1134480
1134704
1134923
1135181
1135342
1135540
1135746
1136082
1136259
1136513
1136721
1136817
1136971
1137263
1137396
1137545
1137925
1138191
1138344
1138518
1138801
1139000
1139408
1139681
1139841
1140066
1140260
1140652
1140954
1141149
1141330
1141564
1141793
1142161
1142386
1142602
1142880
1143216
1143286
1143390
1143621
1143901
1144153
1144375
1144613
1144846
1145223
1145484
1145640
1145857
1146212
1146395
1146746
1146866
1146986
1147434
1147688
1147800
1148046
1148179
1148409
1148656
1148768
1149251
1149688
1149883
1150115
1150571
1150787
1150875
1151054
1151231
1151452
1151591
1151799
1152080
1152521
1152642
1152712
1152945
1153086
1153338
1153618
1153931
1154128
1154389
1154555
1154855
1155075
1155394
1155667
1156064
1156300
1156544
1156674
1156885
1157121
1157384
1157658
1157897
1158147
1158461
1158676
1159105
1159246
1159567
1159793
1160047
1160221
1160571
1160862
1161070
1161328
1161532
1161706
1161948
1162220
1162441
1162610
1162871
1163167
1163457
1163607
1163819
1164022
1164244
1164456
1164668
1164914
1165165
1165645
1165898
1166208
1166428
1166711
1166968
1167187
1167350
1167562
1167752
1167955
1168190
1168247
1168547
1168832
1169099
1169348
1169682
1169851
1170010
1170440
1170822
1171042
1171209
1171447
1171622
1171878
1172056
1172403
1172575
1172946
1173098
1173486
1173706
1174032
1174183
1174485
1174748
1174946
1175314
1175542
1175969
1176149
1176404
1176610
1176854
1177065
1177263
1177509
1177723
1177897
1178248
1178547
1178638
1178888
1179123
1179441
1179660
1179926
1180082
1180279
1180701
1180976
1181070
1181299
1181664
1181797
1181966
1182186
1182283
1182566
1182829
1183032
1183358
1183573
1183800
1184218
1184438
1184714
1184987
1185340
1185444
1185788
1185961
1186187
1186457
1186688
1186763
1186886
1187125
1187206
1187354
1187591
1187781
1188042
1188282
1188513
1188800
1189014
1189265
1189424
1189678
1189983
1190159
1190466
1190638
1190944
1191051
1191234
1191462
1191773
1192090
1192222
1192431
1192638
1192967
1193286
1193518
1193732
1193910
1194084
1194257
1194580
1194810
1194906
1195173
1195500
1195908
1196223
1196481
1196643
1196951
1197271
1197530
1197723
1197879
1197977
1198129
1198268
1198630
1198875
1199172
1199455
1199701
1200124
1200537
1201003
1201426
1201787
1202221
1202600
1202804
1202965
1203307
1203549
1203844
1204022
1204248
1204586
1204925
1205279
1205377
1205573
1205934
1206236
1206355
1206442
1206742
1207036
1207457
1207833
1207960
1208220
1208524
1208743
1209230
1209335
1209602
1209977
1210319
1210520
1210798
1211118
1211410
1211628
1211912
1212208
1212515
1212704
1212943
1213420
1213639
1213919
1214283
1214550
1214892
1215128
1215417
1215552
1215947
1216313
1216647
1216831
1217150
1217422
1217639
1217751
1218042
1218256
1218505
1218691
1218944
1219079
1219410
1219805
1219907
1220357
1220487
1220866
1221221
1221525
1221675
1221964
1222103
1222429
1222693
1222912
1223146
1223361
1223610
1223923
1224238
1224520
1224671
1224859
1225051
1225379
1225536
1225764
1225953
1226293
1226537
1226645
1226708
1227010
1227194
1227348
1227603
1227815
1228125
1228271
1228417
1228584
1228762
1229101
1229523
1229783
1229954
1230099
1230340
1230699
1231010
1231283
1231601
1231856
1232121
1232326
1232512
1232733
1232905
1233321
1233520
1233635
1233874
1234326
1234604
1234788
1234982
1235213
1235361
1235460
1235790
1235907
1236192
1236371
1236593
1236929
1237156
1237299
1237502
1237838
1238084
1238312
1238524
1238874
1239036
1239338
1239643
1239833
1240031
1240163
1240554
1240831
1241212
1241483
1241673
1242044
1242366
1242555
1242860
1243118
1243410
1243593
1243969
1244226
1244373
1244694
1244997
1245217
1245343
1245544
1245756
1246090
1246301
1246601
1246907
1247241
1247575
1247734
1247947
1248128
1248461
1248684
1249000
1249255
1249578
1249873
1250034
1250154
1250337
1250612
1250737
1250976
1251266
1251535
1251714
1251938
1252270
1252521
1252746
1253200
1253417
1253671
1253874
1254122
1254380
1254688
1255021
1255417
1255685
1255808
1256032
1256360
1256562
1256761
1256996
1257290
1257644
1257945
1258303
1258542
1258782
1259116
1259414
1259603
1259889
1260003
1260216
1260566
1260680
1260773
1260996
1261309
1261504
1261761
1261964
1262100
1262211
1262504
1262609
1262806
1262987
1263183
1263350
1263534
1263817
1263957
1264126
1264284
1264533
1264685
1264925
1265076
1265261
1265461
1265797
1266018
1266216
1266457
1266772
1266898
1267095
1267348
1267650
1267958
1268236
1268487
1268846
1269037
1269206
1269437
1269595
1269718
1269974
1270194
1270481
1270695
1270845
1271081
1271349
1271680
1272101
1272264
1272566
1272732
1272927
1273168
1273309
1273656
1273828
1274227
1274326
1274513
1274980
1275225
1275473
1275671
1275837
1276076
1276473
1276625
1277006
1277247
1277479
1277723
1277961
1278126
1278357
1278691
1278960
1279042
1279276
1279525
1279806
1279916
1280051
1280436
1280781
1281174
1281478
1281644
1281963
1282201
1282468
1282648
1282826
1283133
1283300
1283439
1283586
1283820
1283889
1283983
1284182
1284290
1284514
1284679
1284909
1285115
1285308
1285400
1285753
1285904
1286056
1286250
1286338
1286764
1287116
1287259
1287337
1287470
1287546
1287809
1287983
1288126
1288227
1288436
1288565
1288866
1289304
1289655
1289949
1290109
1290221
1290510
1290796
1290929
1291191
1291446
1291573
1291840
1292154
1292279
1292440
1292743
1292961
1293217
1293499
1293778
1293877
1294160
1294308
1294598
1294983
1295259
1295450
1295705
1295911
1296041
1296190
1296446
1296632
1296833
1297008
1297268
1297607
1297717
1297867
1298078
1298328
1298515
1298720
1298918
1299143
1299283
1299511
1299704
1299847
1300033
1300257
1300416
1300617
1300832
1301086
1301221
1301455
1301811
1302105
1302257
1302455
1302703
1302829
1303100
1303595
1303723
1304068
1304556
1304903
1305131
1305445
1305685
1305892
1306142
1306442
1306754
1306990
1307152
1307457
1307753
1308107
1308282
1308533
1308827
1309125
1309377
1309595
1309754
1310029
1310190
1310536
1310746
1310990
1311076
1311339
1311615
1311881
1312204
1312552
1312828
1312972
1313183
1313448
1313750
1313907
1314248
1314528
1314728
1314919
1315229
1315466
1315740
1315972
1316263
1316618
1316778
1317023
1317256
1317664
1317844
1318008
1318231
1318449
1318575
1318766
1319061
1319356
1319538
1319790
1320039
1320169
1320361
1320573
1320892
1321193
1321301
1321487
1321764
1322113
1322234
1322432
1322663
1322828
1323291
1323547
1323734
1324172
1324388
1324657
1324931
1325203
1325433
1325587
1325900
1326142
1326297
1326530
1326813
1327026
1327260
1327434
1327837
1328155
1328338
1328632
1328948
1329278
1329510
1329739
1330031
1330227
1330550
1330920
1331174
1331264
1331523
1331873
1332281
1332487
1332832
1333155
1333302
1333453
1333803
1334034
1334322
1334604
1334776
1335027
1335230
1335288
1335431
1335640
1335926
1336215
1336590
1336773
1337118
1337361
1337572
1337812
1337967
1338178
1338307
1338439
1338737
1339038
1339297
1339578
1339844
1340056
1340221
1340389
1340719
1340887
1341235
1341483
1341749
1342037
1342256
1342448
1342665
1342823
1343019
1343222
1343360
1343583
1343927
1344111
1344307
1344582
1344768
1344993
1345083
1345257
1345404
1345635
1345876
1346001
1346159
1346247
1346395
1346632
1346892
1347162
1347463
1347772
1347970
1348110
1348246
1348324
1348673
1348986
1349293
1349425
1349679
1349878
1349994
1350181
1350450
1350687
1350916
1350991
1351140
1351320
1351706
1351851
1351994
1352154
1352377
1352627
1352800
1353073
1353244
1353471
1353653
1353794
1353974
1354272
1354430
1354574
1354790
1355120
1355372
1355480
1355693
1356019
1356229
1356420
1356713
1357003
1357064
1357424
1357842
1358186
1358365
1358752
1358980
1359159
1359423
1359730
1359913
1360139
1360411
1360581
1360778
1360979
1361227
1361604
1361785
1362091
1362369
1362702
1362873
1362975
1363310
1363531
1363825
1364111
1364448
1364749
1364955
1365174
1365442
1365587
1365788
1366071
1366365
1366585
1366774
1366839
1367180
1367366
1367581
1367748
1368004
1368256
1368538
1368781
1369020
1369200
1369488
1369611
1369807
1369998
1370245
1370479
1370723
1371033
1371415
1371474
1371785
1371958
1372091
1372311
1372513
1372791
1373006
1373175
1373440
1373624
1373737
1373847
1374044
1374217
1374400
1374551
1375036
1375113
1375320
1375491
1375661
1375876
1376233
1376635
1376822
1377057
1377143
1377306
1377488
1377771
1378064
1378311
1378481
1378742
1378901
1379176
1379470
1379744
1379982
1380122
1380397
1380800
1381144
1381394
1381691
1381890
1382097
1382300
1382591
1382900
1383086
1383255
1383433
1383587
1383958
1384265
1384366
1384525
1384588
1384853
1385072
1385223
1385547
1385774
1386057
1386338
1386624
1386961
1387337
1387469
1387714
1387936
1388180
1388303
1388597
1388983
1389213
1389462
1389757
1389971
1390169
1390308
1390554
1390862
1390998
1391201
1391451
1391599
1391947
1392161
1392423
1392659
1392900
1393100
1393329
1393627
1393899
1394249
1394612
1394972
1395169
1395469
1395685
1395871
1396136
1396367
1396620
1396784
1397082
1397194
1397330
1397519
1397704
1397874
1397991
1398211
1398467
1398733
1399048
1399271
1399614
1399786
1399962
1400246
1400359
1400584
1400847
1401123
1401397
1401649
1401905
1402248
1402452
1402713
1402843
1403005
1403190
1403487
1403612
1404032
1404291
1404615
1404747
1405101
1405417
1405603
1405952
1406312
1406574
1406982
1407127
1407428
1407622
1407842
1407965
1408109
1408582
1408755
1409002
1409259
1409644
1409818
1409955
1410283
1410640
1410910
1411136
1411332
1411557
1411791
1411981
1412213
1412504
1412750
1413091
1413225
1413546
1413771
1413907
1414237
1414427
1414747
1414875
1415136
1415278
1415427
1415663
1415796
1416131
1416414
1416758
1417146
1417308
1417587
1417750
1417957
1418241
1418711
1418925
1419133
1419366
1419484
1419589
1419887
1420122
1420413
1420868
1421093
1421389
1421680
1421889
1422108
1422282
1422410
1422584
1422914
1423163
1423383
1423639
1424024
1424167
1424580
1424978
1425252
1425376
1425525
1425746
1426034
1426236
1426365
1426547
1426763
1426905
1427101
1427311
1427565
1427753
1428165
1428367
1428664
1428848
1429106
1429257
1429519
1429829
1430165
1430239
1430358
1430484
1430675
1430833
1431060
1431308
1431483
1431811
1431940
1431987
1432195
1432420
1432554
1432761
1433009
1433183
1433456
1433810
1434160
1434307
1434421
1434644
1434836
1435213
1435594
1435762
1436196
1436371
1436663
1436910
1437128
1437389
1437470
1437707
1437936
1438128
1438300
1438465
1438679
1439033
1439214
1439375
1439732
1440099
1440348
1440687
1440917
1441360
1441492
1441635
1441893
1442062
1442295
1442439
1442786
1443012
1443205
1443317
1443492
1443680
1443909
1444122
1444334
1444614
1444777
1444921
1445125
1445469
1445601
1445815
1446031
1446287
1446488
1446675
1446827
1446970
1447205
1447472
1447601
1447772
1447903
1448094
1448399
1448637
1448802
1448976
1449154
1449315
1449593
1449954
1450184
1450499
1450650
1450932
1451086
1451314
1451469
1451546
1451931
1452236
1452564
1452920
1453140
1453290
1453457
1453626
1453990
1454286
1454644
1454854
1455070
1455210
1455579
1455881
1456187
1456354
1456629
1456908
1457162
1457477
1457717
1457895
1458016
1458379
1458536
1458910
1459067
1459362
1459583
1459811
1459947
1460293
1460502
1460768
1461068
1461493
1461711
1461905
1462187
1462331
1462544
1462826
1462968
1463135
1463329
1463550
1463751
1464076
1464187
1464395
1464631
1464862
1465159
1465238
1465500
1465782
1466029
1466327
1466690
1467037
1467221
1467401
1467751
1468038
1468364
1468488
1468654
1468957
1469111
1469223
1469400
1469613
1469847
1470123
1470367
1470578
1470858
1471125
1471288
1471462
1471609
1471972
1472185
1472391
1472542
1472833
1473002
1473264
1473432
1473577
1473974
1474227
1474383
1474486
1474701
1475101
1475300
1475597
1475839
1476142
1476371
1476531
1476890
1477066
1477447
1477902
1478124
1478365
1478658
1478750
1479044
1479127
1479232
1479541
1479908
1480158
1480344
1480603
1480754
1481183
1481401
1481700
1482108
1482408
1482702
1482902
1483341
1483654
1483825
1484028
1484281
1484430
1484685
1484910
1485003
1485260
1485650
1485988
1486244
1486465
1486835
1486969
1487324
1487608
1487816
1487925
1488297
1488394
1488580
1488835
1489205
1489360
1489613
1489843
1490032
1490229
1490468
1490688
1490797
1491018
1491171
1491384
1491576
1491779
1492016
1492242
1492447
1492622
1492841
1492924
1493078
1493355
1493578
1493738
1493967
1494171
1494467
1494633
1494743
1495037
1495281
1495534
1495707
1495975
1496147
1496413
1496618
1496917
1497030
1497181
1497432
1497679
1497950
1498169
1498495
1498704
1498814
1499064
1499215
1499470
1499636
1499977
1500449
1500695
1500947
1501273
1501457
1501680
1501976
1502184
1502517
1502670
1502856
1503059
1503272
1503498
1503617
1503898
1504049
1504309
1504559
1504803
1505015
1505238
1505414
1505598
1505935
1506207
1506291
1506480
1506806
1507069
1507347
1507475
1507709
1507985
1508191
1508494
1508672
1508984
1509201
1509493
1509683
1509953
1510176
1510478
1510735
1510973
1511202
1511597
1511868
1512171
1512464
1512650
1512863
1513179
1513491
1513688
1513791
1513958
1514024
1514136
1514296
1514601
1514809
1515023
1515387
1515526
1515757
1516104
1516475
1516716
1516886
1517103
1517412
1517568
1517707
1517846
1518129
1518315
1518484
1518919
1519137
1519426
1519674
1519847
1520204
1520361
1520544
1520832
1521023
1521193
1521426
1521680
1522048
1522196
1522421
1522736
1523026
1523249
1523585
1523765
1524007
1524218
1524446
1524690
1524944
1525105
1525514
1525759
1525962
1526206
1526556
1526714
1526946
1527271
1527590
1527833
1528173
1528320
1528530
1528710
1528849
1529304
1529460
1529659
1529944
1530163
1530465
1530750
1531054
1531325
1531564
1531720
1531837
1532209
1532443
1532714
1533013
1533273
1533440
1533624
1533902
1534034
1534154
1534404
1534600
1534749
1534994
1535199
1535495
1535783
1535975
1536340
1536730
1536955
1537179
1537298
1537570
1537842
1538131
1538482
1538702
1539005
1539229
1539440
1539606
1539853
1540063
1540219
1540342
1540550
1540905
1541220
1541509
1541914
1542234
1542408
1542606
1542819
1543095
1543363
1543609
1543765
1544099
1544338
1544469
1544811
1544945
1545091
1545247
1545479
1545570
1545861
1546274
1546458
1546581
1546837
1547051
1547358
1547568
1547717
1547958
1548142
1548324
1548535
1548699
1548921
1549239
1549419
1549808
1550016
1550138
1550389
1550766
1551179
1551454
1551652
1551772
1552043
1552333
1552705
1552949
1553218
1553467
1553775
1553904
1554141
1554340
1554534
1554772
1554972
1555236
1555451
1555818
1555995
1556407
1556548
1556812
1556975
1557356
1557515
1557608
1557972
1558247
1558420
1558767
1558981
1559158
1559362
1559605
1559900
1560235
1560457
1560751
1561056
1561288
1561596
1562009
1562386
1562762
1562916
1563169
1563340
1563508
1563874
1563938
1564286
1564491
1564687
1564975
1565218
1565525
1565848
1566012
1566150
1566334
1566533
1566771
1566938
1567130
1567447
1567818
1568172
1568567
1568739
1569235
1569570
1569900
1570084
1570404
1570691
1570948
1571182
1571398
1571525
1571676
1571982
1572356
1572570
1572867
1573022
1573156
1573267
1573412
1573676
1573777
1574122
1574375
1574674
1574885
1575092
1575505
1575720
1575875
1576183
1576517
1576751
1576950
1577057
1577346
1577711
1578070
1578184
1578535
1578690
1579077
1579409
1579729
1579990
1580184
1580369
1580594
1580817
1581251
1581425
1581530
1581942
1582216
1582534
1582807
1583030
1583442
1583935
1584170
1584263
1584384
1584613
1585003
1585106
1585163
1585424
1585543
1585802
1586038
1586208
1586543
1586680
1586974
1587127
1587310
1587441
1587840
1588155
1588518
1588661
1589024
1589376
1589650
1589974
1590123
1590366
1590800
1591140
1591266
1591534
1591956
1592210
1592400
1592751
1592980
1593160
1593355
1593768
1594033
1594319
1594468
1594673
1594760
1594986
1595205
1595515
1595822
1596180
1596341
1596640
1596946
1597104
1597254
1597462
1597852
1597970
1598177
1598475
1598818
1599084
1599511
1599709
1599928
1600211
1600510
1600603
1600978
1601262
1601506
1601689
1601863
1601998
1602311
1602554
1602794
1603145
1603506
1603729
1603883
1604352
1604648
1604898
1605229
1605439
1605575
1606071
1606298
1606742
1606855
1607154
1607461
1607715
1607928
1608223
1608465
1608751
1608942
1609305
1609512
1609947
1610191
1610462
1610791
1610949
1611271
1611609
1611786
1612092
1612312
1612621
1612881
1613203
1613536
1613725
1613975
1614302
1614543
1614893
1615114
1615452
1615772
1616159
1616448
1616564
1616861
1617220
1617480
1617767
1618121
1618257
1618470
1618712
1619013
1619159
1619374
1619620
1619927
1620141
1620374
1620608
1620849
1621029
1621374
1621557
1621651
1621865
1622117
1622412
1622686
1622998
1623371
1623704
1623879
1624179
1624451
1624639
1625056
1625273
1625588
1625847
1626118
1626224
1626494
1626612
1626860
1627105
1627320
1627533
1627805
1627986
1628394
1628577
1628761
1629038
1629515
1629788
1630124
1630327
1630450
1630776
1631118
1631245
1631304
1631489
1631777
1632091
1632382
1632622
1632850
1633037
1633153
1633539
1633859
1634027
1634269
1634625
1634862
1635096
1635480
1635787
1636098
1636221
1636481
1636717
1636757
1636857
1637059
1637356
1637630
1637753
1637881
1638020
1638228
1638400
1638566
1638846
1639164
1639443
1639658
1639844
1640057
1640349
1640550
1640769
1640928
1641138
1641446
1641839
1642127
1642462
1642875
1643171
1643490
1643776
1644077
1644254
1644422
1644704
1644869
1644987
1645245
1645340
1645459
1645688
1645838
1646242
1646387
1646606
1646911
1647171
1647373
1647506
1647782
1647935
1648138
1648392
1648645
1648874
1649091
1649419
1649713
1649963
1650297
1650418
1650572
1650765
1651165
1651437
1651602
1651759
1651980
1652242
1652430
1652742
1652885
1653010
1653207
1653466
1653922
1654244
1654502
1654671
1654847
1655048
1655274
1655480
1655658
1656002
1656166
1656422
1656570
1656904
1657032
1657299
1657541
1657702
1657800
1658187
1658557
1658830
1658956
1659236
1659513
1659812
1660021
1660200
1660504
1660731
1661043
1661265
1661352
1661530
1661792
1662165
1662479
1662746
1663025
1663268
1663415
1663538
1663825
1664089
1664294
1664569
1664649
1665036
1665358
1665456
1665607
1665753
1665903
1666119
1666362
1666577
1666690
1666912
1666967
1667275
1667544
1667920
1668123
1668414
1668667
1668896
1669016
1669221
1669381
1669649
1669919
1670078
1670366
1670608
1670773
1670915
1671228
1671437
1671741
1671867
1672095
1672384
1672535
1672764
1672921
1673160
1673388
1673625
1673952
1674184
1674342
1674695
1675095
1675262
1675461
1675833
1676076
1676407
1676600
1676847
1677105
1677379
1677554
1677778
1677924
1678090
1678364
1678604
1679024
1679359
1679539
1679791
1680070
1680525
1680840
1681183
1681564
1681804
1682078
1682242
1682472
1682808
1683018
1683435
1683707
1684035
1684233
1684527
1684707
1684966
1685254
1685446
1685694
1685999
1686203
1686497
1686586
1686713
1687151
1687483
1687843
1688079
1688322
1688542
1688762
1689087
1689304
1689554
1689701
1689790
1690058
1690211
1690444
1690692
1690853
1691233
1691486
1691805
1691908
1692089
1692392
1692813
1693104
1693371
1693845
1694270
1694483
1694617
1694950
1695155
1695249
1695466
1695744
1695908
1696266
1696618
1696801
1697036
1697236
1697416
1697704
1697827
1697970
1698208
1698524
1698887
1699000
1699224
1699546
1699643
1700058
1700170
1700373
1700502
1700818
1700951
1701224
1701390
1701747
1702067
1702267
1702615
1702825
1703145
1703404
1703665
1703791
1704115
1704394
1704476
1704660
1704852
1705126
1705330
1705615
1705693
1706001
1706227
1706490
1706743
1707055
1707409
1707701
1707797
1707958
1708330
1708508
1708644
1708860
1709070
1709207
1709409
1709630
1709929
1710016
1710283
1710563
1710765
1711121
1711403
1711695
1711988
1712216
1712291
1712440
1712754
1713017
1713148
1713359
1713585
1713883
1714084
1714272
1714501
1714761
1714936
1715302
1715601
1715727
1715977
1716317
1716495
1716603
1716804
1716924
1717146
1717388
1717475
1717766
1718065
1718380
1718718
1719016
1719176
1719436
1719572
1719895
1720160
1720271
1720447
1720749
1721028
1721342
1721612
1721811
1722195
1722520
1722785
1723007
1723259
1723462
1723678
1723951
1724118
1724272
1724636
1724798
1725137
1725424
1725822
1726064
1726374
1726576
1726828
1727018
1727165
1727452
1727646
1728025
1728262
1728537
1728783
1728903
1728990
1729167
1729383
1729827
1730025
1730486
1730708
1730911
1731181
1731569
1731837
1731975
1732227
1732626
1732731
1733074
1733240
1733430
1733586
1733951
1734112
1734481
1734725
1734953
1735150
1735337
1735524
1735721
1735889
1736076
1736217
1736514
1736838
1737197
1737368
1737544
1737749
1738005
1738268
1738486
1738594
1738822
1739046
1739359
1739680
1740027
1740355
1740543
1740770
1740866
1740992
1741137
1741535
1741749
1741881
1742046
1742261
1742464
1742588
1742860
1743115
1743239
1743521
1743807
1744157
1744544
1744715
1744808
1745063
1745331
1745575
1745798
1746021
1746317
1746591
1746805
1746882
1747211
1747294
1747417
1747676
1747813
1748150
1748417
1748599
1748893
1749175
1749252
1749307
1749688
1749983
1750293
1750542
1750629
1750782
1751109
1751253
1751363
1751551
1752013
1752362
1752552
1752734
1753034
1753205
1753327
1753652
1753781
1753867
1754012
1754223
1754620
1754806
1754919
1755163
1755417
1755626
1755787
1755977
1756067
1756308
1756620
1756882
1757047
1757253
1757486
1757711
1757894
1758185
1758416
1758654
1759059
1759290
1759658
1759937
1760210
1760396
1760667
1760922
1761036
1761249
1761415
1761558
1761820
1761900
1762128
1762306
1762474
1762686
1762859
1763015
1763433
1763647
1763932
1764359
1764643
1764955
1765153
1765524
1765774
1765985
1766125
1766270
1766686
1766892
1767082
1767299
1767445
1767616
1767982
1768355
1768690
1768998
1769382
1769562
1769945
1770165
1770455
1770670
1770979
1771336
1771751
1772217
1772328
1772675
1772833
1773065
1773266
1773449
1773590
1773773
1774102
1774311
1774593
1774902
1775190
1775446
1775676
1775945
1776330
1776502
1776804
1777033
1777388
1777591
1777876
1778019
1778295
1778447
1778712
1779051
1779254
1779607
1779854
1780063
1780285
1780411
1780649
1780893
1781069
1781406
1781652
1781962
1782272
1782561
1782738
1782816
1783127
1783266
1783606
1783862
1784102
1784414
1784741
1784993
1785151
1785494
1785915
1786369
1786726
1786970
1787254
1787638
1787951
1788199
1788435
1788638
1788788
1789280
1789610
1789809
1790019
1790135
1790604
1790968
1791250
1791583
1791698
1791868
1792051
1792319
1792631
1793027
1793167
1793405
1793544
1793743
1794030
1794399
1794632
1794687
1794929
1795168
1795374
1795575
1795787
1795948
1796120
1796281
1796466
1796792
1797141
1797343
1797566
1797767
1798093
1798408
1798697
1798924
1799245
1799523
1799711
1800015
1800190
1800516
1800891
1801094
1801388
1801441
1801709
1801905
1802138
1802322
1802400
1802648
1802744
1803089
1803460
1803734
1804020
1804323
1804576
1804877
1805069
1805307
1805493
1805692
1805835
1806113
1806346
1806532
1806818
1807064
1807300
1807580
1807759
1808065
1808394
1808554
1808934
1809203
1809416
1809644
1809974
1810103
1810271
1810548
1810780
1811076
1811363
1811667
1812013
1812356
1812713
1812908
1813202
1813379
1813787
1814273
1814624
1814963
1815107
1815490
1815815
1816067
1816345
1816645
1817010
1817235
1817467
1817579
1817901
1818171
1818346
1818526
1818726
1819194
1819501
1819721
1819941
1820216
1820460
1820741
1820854
1821163
1821276
1821507
1821789
1821927
1822108
1822413
1822692
1822978
1823167
1823501
1823698
1824085
1824364
1824561
1824785
1824955
1825214
1825503
1825733
1826061
1826292
1826560
1826899
1827178
1827445
1827907
1828194
1828494
1828756
1828907
1829086
1829253
1829475
1829589
1829726
1830045
1830352
1830588
1830805
1831028
1831327
1831664
1832003
1832211
1832650
1832927
1833098
1833270
1833395
1833628
1833975
1834243
1834443
1834558
1834760
1834889
1835032
1835172
1835382
1835617
1835808
1836039
1836281
1836542
1836866
1836973
1837221
1837480
1837697
1837962
1838192
1838281
1838535
1838772
1839114
1839390
1839519
1839757
1840091
1840364
1840718
1841010
1841282
1841494
1841771
1841986
1842347
1842651
1842994
1843170
1843375
1843686
1843927
1844141
1844514
1844795
1845005
1845192
1845268
1845528
1845739
1845968
1846156
1846352
1846584
1846736
1847060
1847357
1847612
1847949
1848216
1848611
1849030
1849225
1849467
1849635
1849885
1850046
1850253
1850571
1850835
1851027
1851414
1851630
1851785
1852085
1852451
1852799
1852965
1853144
1853338
1853602
1853856
1854081
1854206
1854575
1854707
1854773
1854949
1855115
1855376
1855606
1855871
1856118
1856268
1856562
1856821
1857023
1857228
1857481
1857700
1858033
1858233
1858378
1858554
1858824
1859068
1859305
1859531
1859746
1859908
1860237
1860512
1860679
1861002
1861329
1861479
1861794
1861981
1862265
1862496
1862712
1862855
1863140
1863396
1863678
1863983
1864250
1864711
1865001
1865172
1865516
1865680
1865839
1865945
1866208
1866395
1866587
1866844
1867132
1867499
1867770
1868003
1868052
1868239
1868575
1868763
1868913
1869151
1869293
1869677
1869932
1870305
1870627
1870850
1871097
1871448
1871686
1871836
1872105
1872397
1872695
1872891
1873211
1873366
1873535
1873787
1874003
1874142
1874383
1874647
1874811
1874954
1875158
1875329
1875495
1875815
1876228
1876543
1876730
1877061
1877192
1877304
1877449
1877656
1877950
1878126
1878288
1878460
1878606
1878753
1878850
1879245
1879596
1879869
1880199
1880522
1880733
1880959
1881280
1881543
1881914
1882185
1882408
1882744
1882913
1882973
1883139
1883378
1883546
1883835
1883990
1884156
1884508
1884694
1885078
1885263
1885539
1885660
1885917
1886074
1886385
1886568
1886806
1887111
1887265
1887444
1887620
1887798
1888028
1888264
1888582
1888852
1889167
1889392
1889772
1889906
1890153
1890412
1890608
1890828
1891080
1891345
1891621
1891918
1892196
1892324
1892523
1892878
1892996
1893367
1893689
1894093
1894208
1894437
1894678
1895037
1895149
1895415
1895620
1895970
1896196
1896497
1896786
1896974
1897383
1897743
1898004
1898088
1898235
1898482
1898851
1899055
1899481
1899790
1899993
1900301
1900498
1900761
1900981
1901231
1901445
1901543
1901845
1902090
1902304
1902560
1902837
1903198
1903348
1903551
1903757
1904094
1904560
1904731
1904990
1905238
1905621
1905930
1906074
1906219
1906502
1906588
1906886
1907129
1907318
1907548
1907703
1907957
1908324
1908496
1908898
1909055
1909290
1909485
1909628
1909822
1910011
1910173
1910430
1910622
1910840
1911188
1911495
1911808
1912062
1912273
1912658
1912899
1913197
1913485
1913869
1914009
1914162
1914350
1914597
1914908
1915135
1915302
1915650
1915726
1916112
1916300
1916461
1916875
1917253
1917503
1917710
1917886
1918005
1918115
1918365
1918629
1918998
1919275
1919366
1919683
1919800
1920211
1920592
1921010
1921289
1921536
1921735
1921966
1922144
1922486
1922813
1923095
1923238
1923427
1923698
1923946
1924259
1924427
1924701
1925059
1925289
1925395
1925665
1925857
1926077
1926350
1926671
1926902
1927174
1927518
1927742
1927944
1928164
1928468
1928735
1928980
1929223
1929362
1929561
1929663
1929887
1930214
1930275
1930372
1930461
1930693
1930964
1931081
1931304
1931398
1931555
1931853
1932026
1932414
1932577
1932853
1933168
1933494
1933785
1934131
1934557
1934804
1935005
1935237
1935325
1935564
1935720
1935782
1935868
1936013
1936252
1936545
1936959
1937167
1937496
1937632
1937808
1938052
1938336
1938573
1938775
1938916
1939093
1939507
1939567
1939670
1939774
1940048
1940259
1940329
1940604
1940808
1941124
1941289
1941556
1941712
1941965
1942163
1942371
1942642
1942830
1943157
1943277
1943462
1943759
1943961
1944291
1944623
1944805
1945129
1945250
1945437
1945629
1945955
1946150
1946386
1946684
1947075
1947222
1947324
1947459
1947746
1947869
1948180
1948424
1948598
1948859
1949103
1949305
1949654
1949829
1950027
1950187
1950371
1950601
1950798
1951074
1951151
1951360
1951677
1951835
1952116
1952379
1952561
1952884
1953053
1953230
1953497
1953854
1954073
1954244
1954533
1954762
1955042
1955467
1955726
1955980
1956206
1956375
1956575
1956883
1957167
1957389
1957652
1957830
1958038
1958391
1958737
1958952
1959097
1959345
1959525
1959810
1960056
1960249
1960563
1960663
1960825
1961096
1961372
1961455
1961717
1961867
1962089
1962443
1962685
1962848
1963128
1963279
1963540
1963895
1964281
1964526
1964693
1964878
1965123
1965297
1965465
1965620
1965758
1966074
1966316
1966443
1966840
1966960
1967194
1967417
1967596
1967776
1968086
1968279
1968429
1968667
1968749
1968914
1969241
1969410
1969657
1969914
1970242
1970498
1970671
1970973
1971158
1971412
1971640
1971903
1972133
1972494
1972644
1972889
1973246
1973433
1973727
1974079
1974212
1974398
1974634
1974888
1975189
1975316
1975491
1975689
1975820
1976032
1976219
1976571
1976944
1977180
1977536
1977624
1977875
1978130
1978249
1978555
1978772
1979078
1979239
1979326
1979498
1979881
1979963
1980449
1980661
1980985
1981174
1981339
1981492
1981846
1982108
1982351
1982595
1982915
1983193
1983420
1983803
1984001
1984375
1984576
1984734
1985113
1985443
1985797
1986016
1986325
1986684
1986815
1987106
1987286
1987491
1987685
1987842
1988150
1988408
1988592
1988925
1989123
1989443
1989729
1989947
1990205
1990348
1990639
1990887
1991001
1991231
1991454
1991657
1991918
1992069
1992340
1992598
1992786
1993108
1993178
1993523
1993726
1993967
1994233
1994417
1994626
1994954
1995119
1995323
1995650
1995857
1995966
1996146
1996460
1996510
1996665
1996940
1997203
1997392
1997576
1997737
1997876
1997966
1998259
1998646
1998759
1998987
1999221
1999423
1999577
1999856
2000068
2000266
2000512
2000818
2001122
2001295
2001502
2001617
2001719
2001889
2002158
2002427
2002520
2002661
2002798
2003055
2003144
2003299
2003575
2003792
2003975
2004325
2004633
2004927
2005207
2005398
2005824
2006115
2006453
2006602
2006925
2007062
2007173
2007336
2007717
2007904
2008258
2008553
2008974
2009270
2009466
2009738
2010059
2010403
2010600
2010850
2011074
2011228
2011322
2011622
2011869
2012164
2012403
2012606
2012717
2012908
2013093
2013408
2013677
2013935
2014204
2014321
2014423
2014681
2015024
2015205
2015392
2015691
2015926
2016020
2016209
2016465
2016641
2016947
2017051
2017187
2017355
2017523
2017683
2017989
2018230
2018317
2018561
2018702
2018906
2019157
2019421
2019739
2019887
2020058
2020279
2020642
2020961
2021187
2021386
2021447
2021643
2021905
2022040
2022214
2022308
2022386
2022566
2022711
2023063
2023180
2023325
2023550
2023916
2024239
2024508
2024756
2024927
2025215
2025325
2025562
2025833
2026057
2026323
2026607
2026809
2027169
2027496
2027726
2027996
2028143
2028372
2028529
2028774
2029109
2029451
2029585
2029991
2030077
2030308
2030589
2030844
2031045
2031163
2031395
2031564
2031841
2031988
2032258
2032506
2032748
2033077
2033278
2033465
2033832
2034152
2034547
2034788
2034955
2035213
2035475
2035960
2036134
2036308
2036599
2036876
2037060
2037361
2037542
2037629
2037854
2038168
2038392
2038556
2038867
2039048
2039189
2039393
2039606
2039839
2040231
2040431
2040624
2040932
2041243
2041499
2041808
2041997
2042206
2042464
2042693
2042930
2043111
2043271
2043472
2043575
2043802
2044003
2044233
2044573
2044846
2045125
2045413
2045739
2046030
2046317
2046433
2046669
2046952
2047171
2047328
2047713
2048054
2048328
2048634
2048837
2049094
2049417
2049641
2049873
2050110
2050360
2050638
2050731
2051035
2051234
2051520
2051712
2051874
2052113
2052397
2052687
2052901
2053117
2053414
2053633
2053834
2054101
2054388
2054671
2054900
2055026
2055300
2055607
2055857
2056017
2056265
2056579
2056837
2057058
2057324
2057534
2057832
2057983
2058287
2058345
2058559
2058687
2058904
